1.求二维数组所有元素的和（简单）
题目描述： 定义一个3行3列的二维数组，从键盘输入9个整数，计算并输出所有元素的总和。 输入示例：
1 2 3
4 5 6
7 8 9
输出示例：
所有元素的和为：45

2.找出二维数组中的最大值（简单）
题目描述： 定义一个4行5列的二维数组，从键盘输入20个整数，找出其中的最大值并输出该值及其所在的行号和列号（行列号从0开始）。 输入示例：
1  5  3  8  2
9  4  7  6  11
15 12 10 13 14
16 18 20 17 19
输出示例：
最大值为：20
位置：第2行第2列

3.求每行元素的平均值（中等）
题目描述： 定义一个3行4列的二维数组，从键盘输入12个整数，分别计算每一行元素的平均值并输出（保留2位小数）。 输入示例：
80 90 85 88
75 82 79 81
92 95 89 93
输出示例：
第1行平均分：85.75
第2行平均分：79.25
第3行平均分：92.25

4.矩阵转置（中等）
题目描述： 定义一个3行3列的二维数组，从键盘输入9个整数，输出该矩阵的转置矩阵（行列互换）。 输入示例：
1 2 3
4 5 6
7 8 9
输出示例：
原矩阵：
1 2 3
4 5 6
7 8 9
转置后：
1 4 7
2 5 8
3 6 9

5. 统计偶数个数
题目：定义一个包含15个整数的数组，从键盘输入15个整数，统计其中有多少个偶数。

示例输入：12 13 14 15 16 17 18 19 20 21 22 23 24 25 26
示例输出：偶数有：8个
6. 数组元素乘以2
题目：定义一个包含8个整数的数组，从键盘输入8个整数，将数组中每个元素都乘以2，然后输出处理后的数组。

示例输入：1 2 3 4 5 6 7 8
示例输出：2 4 6 8 10 12 14 16