1. 数组初始化和输出
题目：定义一个包含10个整数的数组，从键盘输入10个整数存入数组，然后按顺序输出这10个数。

要求：
- 使用循环输入
- 使用循环输出
- 输出格式：每个数之间用空格隔开

示例输入：1 2 3 4 5 6 7 8 9 10
示例输出：1 2 3 4 5 6 7 8 9 10

2. 求数组元素之和
题目：定义一个包含8个整数的数组，从键盘输入8个整数，计算并输出这些数的总和。
示例输入：10 20 30 40 50 60 70 80
示例输出：总和为：360   

3. 查找数组最大值
题目：定义一个包含10个整数的数组，从键盘输入10个整数，找出其中的最大值并输出。
示例输入：23 45 12 67 89 34 56 78 90 11
示例输出：最大值是：90，位置是：8


4. 数组逆序输出
题目：定义一个包含10个整数的数组，从键盘输入10个整数，然后按逆序输出。
示例输入：1 2 3 4 5 6 7 8 9 10
示例输出：10 9 8 7 6 5 4 3 2 1

5. 统计偶数个数
题目：定义一个包含15个整数的数组，从键盘输入15个整数，统计其中有多少个偶数。

示例输入：12 13 14 15 16 17 18 19 20 21 22 23 24 25 26
示例输出：偶数有：8个
6. 数组元素乘以2
题目：定义一个包含8个整数的数组，从键盘输入8个整数，将数组中每个元素都乘以2，然后输出处理后的数组。

示例输入：1 2 3 4 5 6 7 8
示例输出：2 4 6 8 10 12 14 16
7. 数组元素交换（数组倒置）
题目：定义一个包含10个整数的数组，从键盘输入10个整数，将数组元素首尾交换（真正改变数组内容），然后输出。


示例输入：1 15 3 4 5 6 7 8 9 11
示例输出：11 9 8 7 6 5 4 3 15 1

8. 查找指定元素
题目：定义一个包含10个整数的数组，先输入10个整数，然后输入一个要查找的数，判断该数是否在数组中，如果在则输出其位置，不在则提示"未找到"。

示例输入：
10 20 30 40 50 60 70 80 90 100
50
示例输出：找到了，位置是：4